3.761080503463745117e-01
-1.457837671041488647e-01
1.228562146425247192e-01
6.850153952836990356e-02
0.000000000000000000e+00
-1.161234080791473389e-01
-1.239534001797437668e-02
-4.456800520420074463e-01
-2.040492147207260132e-01
0.000000000000000000e+00
4.592801444232463837e-03
3.523784875869750977e-02
-4.906801134347915649e-02
-2.769084572792053223e-01
2.926384210586547852e-01
-1.215840876102447510e-01
0.000000000000000000e+00
-1.114780157804489136e-01
-2.542482018470764160e-01
-1.443229336291551590e-02
-1.406764835119247437e-01
-3.341227304190397263e-03
-1.850001886487007141e-02
-4.543375968933105469e-01
-6.167715415358543396e-02
-1.690029501914978027e-01
-1.779902577400207520e-01
9.519500657916069031e-03
-2.252512238919734955e-02
-2.946046292781829834e-01
-5.947544705122709274e-04
1.914350688457489014e-01
0.000000000000000000e+00
8.286236971616744995e-02
-1.812965981662273407e-02
8.159120380878448486e-02
-2.031279951333999634e-01
0.000000000000000000e+00
-2.503611147403717041e-01
-3.387251123785972595e-02
