1.745473444461822510e-01
1.785297691822052002e-01
2.358823269605636597e-02
-9.103322029113769531e-02
-3.344681113958358765e-03
1.416742987930774689e-02
-4.034396260976791382e-02
-6.498584896326065063e-02
-2.366643100976943970e-01
0.000000000000000000e+00
3.596547618508338928e-02
1.440373621881008148e-02
2.519388869404792786e-02
1.833442896604537964e-01
0.000000000000000000e+00
1.119684055447578430e-02
3.799350187182426453e-02
-6.592961400747299194e-02
2.805707417428493500e-02
-1.133044660091400146e-01
-1.662892289459705353e-02
-1.200879216194152832e-01
-3.505155444145202637e-02
5.062845721840858459e-02
3.751726076006889343e-02
2.097303718328475952e-01
5.243164300918579102e-02
1.936667263507843018e-01
1.380023509263992310e-01
-7.400056719779968262e-02
0.000000000000000000e+00
0.000000000000000000e+00
-1.064258366823196411e-01
-1.186949238181114197e-01
-2.428992092609405518e-02
-7.753350585699081421e-02
-1.393581032752990723e-01
-5.114936083555221558e-02
6.615767627954483032e-02
7.931287586688995361e-02
