3.697408437728881836e-01 1.616955995559692383e-01
2.017815411090850830e-01 1.494800001382827759e-01
-8.217415958642959595e-02 1.781363189220428467e-01
-1.478467583656311035e-01 -1.256651282310485840e-01
-3.969169855117797852e-01 7.764237374067306519e-02
-4.687596112489700317e-02 1.834751218557357788e-01
-3.265298902988433838e-01 2.413938194513320923e-01
-1.417154669761657715e-01 -1.900685578584671021e-02
-3.711375892162322998e-01 -5.700363516807556152e-01
8.194330334663391113e-02 -2.547246217727661133e-01
3.697082996368408203e-01 -1.164468675851821899e-01
1.321688294410705566e-01 3.022831678390502930e-01
3.340831398963928223e-01 2.053105980157852173e-01
1.093597617000341415e-02 4.807760417461395264e-01
8.677405118942260742e-02 1.159429550170898438e-01
3.209278583526611328e-01 -2.422219812870025635e-01
-3.788995370268821716e-02 2.602117955684661865e-01
-1.846241354942321777e-01 -2.252440750598907471e-01
2.575003206729888916e-01 -1.935208588838577271e-01
-1.348820477724075317e-01 -3.079857230186462402e-01
1.957127004861831665e-01 -3.090428411960601807e-01
-1.920837312936782837e-01 2.845731675624847412e-01
-1.328311711549758911e-01 -9.435375779867172241e-02
2.362527549266815186e-01 2.128496021032333374e-01
2.640511393547058105e-01 -3.821367025375366211e-01
3.473786115646362305e-01 6.589928269386291504e-02
-2.690241336822509766e-01 3.744258880615234375e-01
1.973423212766647339e-01 3.458846211433410645e-01
-3.513890504837036133e-02 4.665454030036926270e-01
5.935321748256683350e-02 -4.184311926364898682e-01
2.429735660552978516e-02 -5.987095832824707031e-02
-3.173224925994873047e-01 2.767512500286102295e-01
-4.216812849044799805e-01 -4.492153599858283997e-02
-2.389393597841262817e-01 3.649122118949890137e-01
-4.128770902752876282e-02 -1.852095276117324829e-01
-3.529525995254516602e-01 -1.144545301795005798e-01
2.257366478443145752e-02 -3.666774630546569824e-01
9.514228999614715576e-02 -3.617777228355407715e-01
3.110764324665069580e-01 -3.551035746932029724e-02
2.187546044588088989e-01 8.641960471868515015e-02
