4.051858186721801758e-02 4.662663936614990234e-01 5.162279605865478516e-01 2.686978578567504883e-01 3.533051013946533203e-01 -9.083059430122375488e-02 -6.445628404617309570e-02 1.085140705108642578e-01 4.998445510864257812e-01 -1.741649806499481201e-01
-2.721931338310241699e-01 1.752903163433074951e-01 1.620736420154571533e-01 1.963381171226501465e-01 3.352065682411193848e-01 4.822164475917816162e-01 5.708467364311218262e-01 4.348573684692382812e-01 3.026485443115234375e-01 -4.644418656826019287e-01
-2.314941585063934326e-01 5.882652848958969116e-02 -1.518147736787796021e-01 4.022006094455718994e-01 -3.527148067951202393e-01 -4.018238931894302368e-02 6.689024716615676880e-02 1.447517871856689453e-01 -2.723173201084136963e-01 -2.511197030544281006e-01
3.731553554534912109e-01 -4.187749326229095459e-01 9.293505549430847168e-02 -2.688757181167602539e-01 3.183064460754394531e-01 -6.433195620775222778e-02 3.237689137458801270e-01 4.297051578760147095e-02 4.462108910083770752e-01 1.322906613349914551e-01
-3.681760132312774658e-01 -2.329142540693283081e-01 -3.838942199945449829e-02 -8.324322104454040527e-02 -6.772132962942123413e-02 3.791771456599235535e-02 1.790708750486373901e-01 -5.040363073348999023e-01 -8.856899291276931763e-02 1.640124022960662842e-01
-3.197500407695770264e-01 -4.817079901695251465e-01 1.082075834274291992e-01 -2.914060652256011963e-01 6.337136030197143555e-02 1.576787233352661133e-01 -1.461362540721893311e-01 1.453756093978881836e-01 -5.099874734878540039e-02 5.082061290740966797e-01
4.615381956100463867e-01 -3.893525004386901855e-01 3.445788919925689697e-01 1.712236404418945312e-01 2.575248777866363525e-01 -1.869567781686782837e-01 1.385150104761123657e-01 2.853208184242248535e-01 -2.124583274126052856e-01 -5.434567928314208984e-01
4.974768459796905518e-01 -1.929075419902801514e-01 -4.532120525836944580e-01 2.862852215766906738e-01 -9.664742648601531982e-02 -3.361431658267974854e-01 -2.963550090789794922e-01 -5.242522358894348145e-01 -4.012053906917572021e-01 4.593808352947235107e-01
3.449309766292572021e-01 1.490041017532348633e-01 -4.059154391288757324e-01 3.102473914623260498e-01 7.200029678642749786e-03 -2.112516611814498901e-01 -2.322579771280288696e-01 3.535677790641784668e-01 -3.953855931758880615e-01 5.278959870338439941e-01
-2.686789333820343018e-01 -2.338004261255264282e-01 2.484476417303085327e-01 2.191193103790283203e-01 3.854854404926300049e-01 -2.369841560721397400e-03 2.500254809856414795e-01 -4.091295599937438965e-01 4.549444019794464111e-01 3.981838524341583252e-01
